-0.0222568114607183
-0.0490938889414067
0.000228730867051653
-0.00121123946670969
-0.00450370838063069
-0.0112668439067839
0.00315953505205429
-0.00744479736383167
0.00137994278541704
0.00141088649761252
0.00339969444706495
-0.00109286787126324
0.000809705793722822
-0.00412814948241623
0.000720640082638417
0.00045371675388163
-0.00744332784684728
0.00478167851732708
-0.00579531097892326
0.0112719576641917
-0.0299291373233642
-0.000419816525325614
-0.0184796869681885
-0.000175621237408639
-0.0168027771126426
0.00964737383428445
0.0143725838434525
0.00173907513420266
-0.0240884824188572
0.00169452996257978
-0.00127981230856287
-0.00431299583439603
-0.0231633629909362
-0.00451144774209921
-0.00634449239231536
-0.00400340816002927
-0.00273087478308423
-0.0109114673787574
-0.000130115785992631
-0.00393902035381699
-0.0117551484395225
-0.00813592761342283
-0.000883697584497301
-0.00324331267785686
-0.00148140635736891
-0.0277531800381205
-0.000446690349736961
-0.0263276266471683
0.00384706783950632
0.000338782148609886
0.00269609786741222
-0.00114985583410465
0.00340245105868576
0.000624857449530856
-0.00155047994446945
0.000579964762168194
0.001173646011313
-0.000524364209809657
-0.00509557424493204
-0.00204512426929013
0.00828994237832071
0.000114996705472899
0.00645962983706158
-0.00196032440429251
-0.0111635978153127
-0.0177594455701782
0.00155309758684674
0.000523103080945098
-0.000901760900005739
-0.0294689038672913
-0.00342316459524807
-0.0249887457505608
0.0107614445952689
-0.00217570254859073
-0.000989115444343853
0.0346932210253248
0.010519079798371
0.0135262397384988
0.00376010513421377
0.00329173173165337
-0.00406896231863698
0.0146651575061932
0.000297626956369976
0.000541582402350187
0.0631428623646779
0.000668701285895737
0.0277627863230402
0.0189127778910748
0.0308448811761331
0.0125516888798895
0.0170396835059384
0.0762088743181618
0.000598323894010404
0.00273137024961046
0.0624166065936795
0.00294320462511019
0.0343595688398227
0.0741200779516221
0.00496765318992845
0.010018542751563
0.0425916053654921
0.026262344029995
0.00169475038331307
0.000576430213768447
0.0177090609219714
0.0219853291189833
0.0277707116037445
0.00244614727283438
-0.013506336753166
-0.00776727699547514
0.0133220871115698
-0.0116767532296076
0.00529485082571433
0.00228210908385322
0.0216918503749667
0.00311813719750744
-0.00300539061070018
0.00478929924023291
0.0101095534186938
0.000819168089748234
0.00196750437154582
0.000970148016856333
0.0107084598705723
0.00369377221453436
0.0127221819030815
0.00777119726355168
0.00164225013091882
0.00484704541576089
0.00527842530726271
0.00440784478769314
0.00254296324819732
0.00150798473305868
-0.00114724535142623
-1.78735188593338e-06
-0.00561035686504908
-0.00889635176897861
-0.00203911689935528
-0.00614127744831721
-0.0019982194413269
-0.0036157683716166
0.00366967321052023
0.00799277373099508
-0.00527564429038699
-5.60608786157336e-05
0.00140119499352252
-0.00167280399796048
0.00482351281482239
-0.00659026888063872
-0.00131772109702919
-0.00525148680506717
0.00154638412538193
-3.53863075927628e-05
-0.00680474395347568
-0.0208034746079686
-0.00111403516393079
-0.0176666029891713
-0.0188126443199257
0.011615850923172
0.00743601406246365
0.00164875823314706
-0.00268432056972464
0.0014449902896909
0.00358983474131848
0.0127150736630433
-0.00253010570257965
-0.000984061571244085
0.00929428654134294
0.0142588947458053
0.00264337314916813
0.00103034447837624
0.00605975147230108
0.00556847216334461
0.00387987027117102
0.00646109391068668
0.00640187944641946
0.0275233927008695
-0.0111089920044152
-0.000293998745428177
-0.00738935436645812
0.00031909391687757
-0.00311588373015493
-0.00173094252982591
0.00258844668930605
0.00032325708203968
0.0237595980305148
-0.0321745286027348
-0.0010338514690523
-0.000371682438699437
-0.0233775221343396
-0.00355931423867514
-0.00202976799464518
0.00294669144546482
-0.000443256124603984
-0.00387072263414882
-0.00853149171542186
0.00208712582679575
0.0102705327496568
-0.00379228265275791
0.0178748995074355
-0.00238978866619929
-0.00450817072940307
-0.00668295230317974
-0.00744072017510955
-0.00731008270031361
0.0474969354132641
-0.0268101734930862
-0.00569169592288542
0.00966100235505867
0.0260357194104411
-0.00200725497825509
-0.00014778208137113
-0.000163175555872933
-0.00406230771383862
-0.00349903541802772
-0.00118002503105407
-0.00129391517204933
-0.00387655016945154
-0.023503948400472
-0.00143679448437768
-0.00673056659068594
-0.000276054620151867
-0.00404633239024052
-0.000608793242266399
-0.00786511483094748
-0.00148096906944915
-0.00563988943618248
-2.2124634234322e-05
-0.0052710357035303
-0.0128882474161902
-0.0116631220289213
-0.00302716069719794
0.00209338039288359
-0.00344387701307387
-0.000268226175241302
-0.0120132287812476
-0.00388279835896011
-0.00194115902009737
-0.0330545898292696
-0.00617710928701782
-0.00219007360953272
-0.000692601294418743
-0.0075761981163661
-0.000336939583355055
-0.0107884029672175
-0.00352321694902591
-0.00365342039605938
-0.00305392287397718
-0.000802168280480133
-0.0177745395247381
-0.00930308113464549
-0.0635500683605155
-0.00364026518450734
-0.000896073990238836
-0.0111050950623551
0.0186887262753454
-0.00568923835981848
-0.00299115076379308
0.00550917329000469
0.000263160406897033
-0.00162590152561389
-0.00030459914412434
0.00332380510447871
-0.00197257828887927
1.33372607671429e-05
0.0285062294464757
0.000838470796107994
-4.44733029154608e-05
0.00896780717293046
-0.00519248380778289
0.0082499514806966
-0.00235466687162229
-0.00357601590645881
-0.000726114434103774
0.00547410579043645
-0.00125137204905173
0.0127218685754698
-0.0081939969838397
-4.37866597258069e-06
-0.00318941404735738
-0.00165330952221304
-0.00522650211633022
-0.0190745383383782
-0.00753685769115206
0.00372410905356537
0.0163952101095328
0.00326372900768144
-0.00613705328086514
-0.00962199722063676
-0.000601860383255592
-0.0324075503048464
0.00784271038122918
0.00598122301512074
0.0547531280097838
-0.00197900189493084
0.00466442649338581
0.001192307008124
-0.000898617150880098
-0.00173043713433051
-0.0132627027084118
-0.00836802297521413
0.0101426539576437
0.000888385154150351
0.00130130189272951
-0.00595071054195902
-0.00101754762679144
-0.0105756067342882
-0.0029381277288469
-0.00301632410906466
-0.00566853008771927
-0.00689855601414264
-0.0214080233010317
0.000811204064047614
-0.0124084086621919
-0.00773352055490645
-0.00540699808588083
-0.0226064977969474
-0.000221764549902516
-0.00938226323716217
-0.00157031559071826
0.00168071309982943
-0.00234926978178327
-0.00164659256803987
-0.00608720166281062
-0.00171360568762204
-0.00198867554849707
-0.000651512728827473
-0.00538395930689858
-0.00471400947313693
-0.00531800339538526
-0.00516290735829397
-0.00601347634995404
-0.00378029104899131
-0.00358151514103721
-0.00385198080259628
-0.00143031011132361
-0.00391325180882456
0.00120171310018083
0.00202596041178323
0.0135841678930623
-0.0073234977552443
-0.00968788263233526
-0.00195023601901934
-0.0494408279889089
-0.000199520849147658
0.000111499580646207
-0.00312771633694332
0.000289324076498013
-0.00304808160751483
0.00558470814560376
-0.00399548285424884
-0.00437567404742226
0.00326232487378662
0.00238021730772598
-6.2965666701099e-05
-0.00472199349409024
0.000935865007009718
0.00169205933662034
-0.000753178585826741
0.00198610738172781
0.00204323047041893
0.000598896589053827
-0.00978102765690887
0.00114482355502032
0.000685485582866085
0.00114365117357117
0.0271101563294037
0.0148608504870194
7.39537489694551e-05
-0.000615526650111096
0.00897480732308174
0.000942400817300193
-0.0392541410432649
-0.00162634284530022
-9.12656415250884e-05
-0.0236853940890003
0.00165652080575133
0.0012650674816104
-0.0163528634307508
-0.0261143245759245
-0.00554962458573723
-0.0105339977785504
-0.00750188729067253
-0.0439506469302404
-0.000379941659876047
-0.011354938298018
-0.000743273561680839
-0.00851394609032717
-0.00638976047119744
0.000229260717085537
-0.00366452115935264
-0.0104437239573535
0.0460604950894834
-0.00673127519454127
-0.00321879410387029
0.000954261055040026
0.000918920740569081
0.0211916846036884
0.00028082652433207
0.0118504761082489
0.00364149364977512
-0.000309620457218484
-0.000559899939852724
0.0141679534291295
0.00185240918249321
0.00553333228528039
0.0464770736880726
0.000358353218886034
-0.00186076774023404
-0.0216213240718252
-0.00632936158746308
-0.00411374863606634
-0.01666682391983
-0.00386861431852871
0.000813572321858905
-0.00231821606135785
0.00164169250975786
-0.00584987610200993
-0.0359035758298172
-0.00084448828119871
-2.83147129392772e-05
-0.00274976732349249
0.000684378644230817
0.000924527920924777
0.0285553257173711
0.0014171724767342
0.000127727801299482
-0.00404464659024878
-0.00137661873254559
-0.0485791652223319
-0.0189140757890762
-0.0106362058261425
-0.0184098043070867
0.00972484526557584
0.00695980441701976
-0.00352262659356368
0.00856920449244863
-0.00220315759252312
0.000405471333960158
0.035004509777791
0.00135020234363301
0.000178806211391345
-0.00560888137627532
0.000501746007667848
0.00380275447283688
-0.000575164856861324
-0.0101645216851886
0.00216082796857335
0.000443212304588987
0.00448841927500469
-0.0056559881875178
0.00137715264412138
0.000367990147419568
-0.00415556868981366
0.00306859373603186
0.00596144050602135
-0.0147039325380593
-0.0436433137615496
0.000647251297359371
-0.0217338243571534
-0.0193189723004743
-0.0238472378313156
0.00214757938880396
0.00146050481268934
0.00143250664615748
0.0021656932220929
0.00193430459077106
0.00462043544691985
0.000608225579602761
0.00593758364308857
-0.0288967667359153
-0.000402451032515024
-0.0016541098848417
-0.00670581886630726
-0.00741182609759615
-0.0140041964785544
-0.0199354679035884
0.000232530939377863
0.000305443228149531
0.00177957342966228
0.00773169153317217
0.00629336677452386
-0.0570455399320096
-0.000935741714968879
-0.00931463309105685
-0.00840896421168631
0.00111870932760086
-0.00249712356000843
-0.00929397071199006
0.00103966035477488
0.0188628306238717
0.002264398787523
0.00202898955292607
0.0326408849192202
0.00221508720928181
0.00198091898505734
0.00019064234056492
0.000737430728827179
0.000928202542069527
-0.00109147930830484
-0.00298212964299152
0.0167355951639157
0.000489013310168535
0.0189992098747204
0.00169660550627504
0.00872819496242519
0.0036182973409617
-0.0103034064608769
0.000438636692967466
0.00084264964774961
0.000145578509011864
-0.0020454456852794
0.00089492861679608
0.0296188033945309
0.0105557215371146
0.00332442963647318
0.0488388744933959
0.0956713307667979
0.00251147983935815
0.00126095233463555
0.0011262519473914
0.0283901837527628
0.00542106295947458
0.00261438234090681
0.00856137819620514
0.00504095245619959
0.00547326292783438
-0.000846896290189927
-0.00316333195106076
0.000112003532833124
-0.00342323155523302
-0.0031134812901532
-0.0064823868299935
-0.00328451630303251
-0.00195832581661738
-0.00058633301452486
-0.00674230299808092
-0.00672477820640406
0.00330309564250644
0.0311588697601807
-0.00365181134524228
-0.010476939176063
-0.0115931325636022
-0.0456386429605011
-0.0172468990584755
-0.000473348418122278
-0.000469466674924724
-0.0121594179565508
-0.00460015910128135
-0.00158580545881157
0.00224483567776676
-0.00178881294539626
0.00286547130650048
1.92621024835861e-06
0.00567265661950651
0.0280920667230007
-0.00614797964548093
0.00171015071497523
0.00318278780757498
-0.00279019116439722
-0.00658780189703497
-0.000431769927378917
-0.00661466518420019
-0.0140837715069697
-0.000660857581167294
0.00343054590355252
-0.00343350104959398
-0.00452281040765661
0.000161664597280765
0.000942805200077442
0.00316299935663977
-0.00240885381014491
-0.0266912754318797
-0.00688395453037132
0.00114035716161658
0.00206590515074447
0.00174033874812526
0.00347854446071038
0.00192227153122411
0.00444425370565746
0.0015906456167915
0.0112817714363634
-0.00243256563280801
0.00197771013277454
0.00046397913783323
0.00200661027746413
0.000543430587225258
0.0010568081519257
0.00123557472489094
0.00148223844220029
0.00132957094772583
0.00809793181589009
0.00451258951855626
0.0226065478930757
0.00130727418566809
0.00210415177457905
-0.00385278004475145
0.00403158933343685
0.0181394993147854
0.0035243623172093
-0.00235346715950074
-0.000603340333941918
0.000546064898412921
0.00162178089552455
0.0022301774700459
-5.72297729483159e-05
0.0306863052021252
0.00467745926900849
0.0051000694722646
-0.00409633853940469
-0.00178126740985813
0.000469759880668829
-0.00559321361779017
-0.00166814762443763
-1.85737409766985e-05
-0.00454665456760157
-0.0169596926626756
0.000736953285325681
-0.0194946703864334
-0.000493918022502306
0.00653143597149257
0.00808231121736807
-0.00257990367911611
-0.00431166530401838
-0.000845220789156168
-0.00520420709828305
-0.00170060028774802
-0.0170529176877067
-0.00709346995211514
0.0089201482792888
-0.00517629824483768
-0.0126787932298579
-0.00722921283355589
0.0358116902654726
-0.00894999361188913
0.00371222267445581
0.000946188381509146
0.00359393687793398
-0.000806239844741136
-0.00779839975347348
-0.0174964213341878
-0.00317717681990205
-0.00137120126463296
0.000116632472338934
0.0270876287232155
0.0132254754510381
0.000128336787398699
-0.0134322725548295
-0.0611838605047173
-0.000335022156575244
0.0063674443307521
-0.00244031165493305
-0.00650298843987974
0.0310366902116003
-0.00157457202783098
-0.0468025882063702
0.00322976412916616
0.000860831960186775
-0.00492007239088652
0.00156277462773051
-0.0150438751191283
-0.00014856250272696
0.0283522881831317
-0.0121884299471521
0.000254781152983162
0.000215211966596369
-0.00411863002569223
-0.00602718395261322
-0.0281438518748748
0.0141618083009577
-0.00353727685041709
-0.00260059371328309
0.000752813499676358
0.00168279539493551
0.0280187354757476
0.00684284235141445
0.00482600631011724
-0.00130828010541556
-0.00457280094032656
-0.0033638045483857
-0.00661459046424462
0.00288173135638589
0.00662814520534861
-0.00422482352875499
-0.0052194247037323
-0.00729911578155606
-0.00981767797460931
0.000840267906093423
0.00134301719124051
0.00383584958072105
0.00300721290356762
0.0173246151208219
0.0186811738616336
-0.00651850392245258
-0.00592213289659106
-0.0016666480952717
-0.00268952375322834
0.000881060571598902
-0.00637669078904047
0.0135181465199187
0.0139420207970537
0.00204125860016114
0.000568295258111783
-0.00229854034178214
-0.066039116242242
0.00301283331106044
-0.00241773501169389
-0.0106150728967961
-0.00828491998424382
0.00242988877672424
-0.0239048870612046
0.0476133997053455
0.00158672623787353
0.0146979161059508
0.00131390899136775
-0.029163155632504
-0.0280875148905941
-0.017298367365441
-0.00771651105301303
-0.00400645009825699
-0.00144378970099078
-0.0259067187448609
-0.000602865893131912
-0.0010221095200838
-0.000418015587769575
0.0139712976667378
0.000151615179261056
0.00481673627881919
0.00290052043550693
-0.00403450302495979
0.0145240187687956
-0.00481804092527741
-0.0157945249911384
0.0043280593920931
-0.0186535544315181
-0.00883341564201612
-0.00481118957014887
0.00124396181140597
-0.00135357130382906
0.0330795009362308
-0.00144839497875945
0.0103565787998776
0.000409929579766293
-0.00230841794993172
-0.0230075871701527
-0.0216256660251469
-0.00773410587534792
5.79599841906026e-05
-0.00472905038356414
-0.000234708094918004
-0.00976003915946395
-0.00277228758953811
-0.00178658444859024
-0.00309809205585291
-0.00246561289995621
-0.000193738126811549
0.00360639442955513
0.0114584601938563
0.0344279292158557
0.00033760904287726
0.000604143910549285
0.00147429157822712
0.011823542400861
0.00044960000463166
0.00122086258324008
0.000726349426717226
-0.00148635118715684
0.00021741721684938
-1.58279149300479e-05
-0.000669455382030525
-0.00284214483368461
-0.0100397671419818
0.00389744738019757
-0.0022991294001596
-0.000152988440810039
-0.0175963744590009
-0.00550295897230193
0.0149081446128423
-0.0142919703878502
-0.0287878389584884
0.0471439664461648
0.0149886797531266
-0.0108561566540697
-0.00271875152032829
-0.00125955910417058
-0.00810023754102472
-0.00340885452009696
-0.000454781409820749
-0.000571541140606732
0.00501431209271689
-0.000335272745836335
-0.00257975667676843
-0.00376943599436616
-0.00981913072828459
0.000261188463850392
0.0159183760856727
0.00246663307669819
-0.00103763958752113
0.00908515282657249
-0.000763048151019159
-0.000583479369184762
-0.00680160764747819
-0.0021186073420945
-0.0127559198770303
-0.00259868774488668
-0.0151682240158334
-0.000906005803006766
-0.000543858821453645
-0.00976927065979515
-0.000122487354233356
-0.00113704613950912
0.00117870213305336
0.0104570655432894
0.014605403484474
0.000140102890235269
0.0115262502374801
-0.00405878274014866
0.0122105731016486
0.0011802108984061
0.0116460246000866
0.0109996612015366
0.0186035133140682
-0.0174418506601513
-0.000398998136413907
-0.00566823934024264
-0.0195443008932119
0.00298287269892886
0.0059387425555533
-0.0529834077290408
-0.00340118408396393
-0.00124100777449912
-0.0054478119915792
-0.00483036570204956
-0.00897075318734293
0.0303121412580837
-0.0143198005607516
-0.0125330573885942
-0.00208614135457068
-0.0146266640113886
-0.0203790995583358
-0.0227614897732384
-0.00850279071811601
-0.0120857504107661
-0.0156850696763285
-0.0267402232855811
-0.00817976397355771
